<?xml version="1.0" encoding="UTF-8"?>
<!--Created by Capture 2023.1.6--> 
<GeneralSceneDescription verMajor="1" verMinor="4">
	<Scene>
		<AUXData>
			<Symdef uuid="12fcdd5e-4194-56a0-96de-1c3c4edf1cd3" name="DT34 Rectangular section, 45° / 67&apos; 9.8&quot; (20.67m) (DT34-Circle Part)">
				<ChildList>
					<Geometry3D fileName="0x48078803.3ds" />
				</ChildList>
			</Symdef>
			<Symdef uuid="96d9fd5f-ca47-5427-82fa-4e765737556f" name="DT34/3 Rectangular section, 11&apos; 5.8&quot; (3.5m) (DT34/3-350)">
				<ChildList>
					<Geometry3D fileName="0xDF61FCB5.3ds" />
				</ChildList>
			</Symdef>
			<Symdef uuid="d6a90e0d-e13b-5f2d-b39c-c740d6358d1d" name="DT34/3 Rectangular section, 8&apos; 2.4&quot; (2.5m) (DT34/3-250)">
				<ChildList>
					<Geometry3D fileName="0x27B6408E.3ds" />
				</ChildList>
			</Symdef>
		</AUXData>
		<Layers>
			<Layer uuid="8becc9e4-adee-0a44-bf4c-34939930b329" name="Default layer">
				<ChildList />
			</Layer>
			<Layer uuid="d688606b-e8b6-d34c-97d6-96c75513b5cb" name="Truss Lights">
				<ChildList>
					<Fixture uuid="2e149740-6a41-bc43-bd59-8968781b11b9" name="Alpha Spot QWO 800">
						<Matrix>{8.53590478e-08,-1.50995803e-07,1.00000036}{1.48444723e-08,1,1.50995859e-07}{-1.00000095,1.41110048e-08,8.53590052e-08}{-6670.87305,-890.867859,5565.0166}</Matrix>
						<GDTFSpec>Clay Paky@Alpha Spot QWO 800@r3048.gdtf</GDTFSpec>
						<GDTFMode>Standard [Lamp Dmx] [Color Mixing=Cmy]</GDTFMode>
						<FixtureID>11</FixtureID>
						<UnitNumber>1</UnitNumber>
						<Addresses>
							<Address break="0">513</Address>
						</Addresses>
					</Fixture>
					<Fixture uuid="435954ee-e2fa-0a4e-a86d-87c71143cd8f" name="Alpha Spot QWO 800">
						<Matrix>{8.53590478e-08,-1.50995803e-07,1.00000036}{1.48444723e-08,1,1.50995859e-07}{-1.00000095,1.41110048e-08,8.53590052e-08}{-6670.87305,-890.867859,4565.0166}</Matrix>
						<GDTFSpec>Clay Paky@Alpha Spot QWO 800@r3048.gdtf</GDTFSpec>
						<GDTFMode>Standard [Lamp Dmx] [Color Mixing=Cmy]</GDTFMode>
						<FixtureID>12</FixtureID>
						<UnitNumber>2</UnitNumber>
						<Addresses>
							<Address break="0">545</Address>
						</Addresses>
					</Fixture>
					<Fixture uuid="fc4d2d64-5ce6-7a4e-ae4e-bea3304d7e05" name="Alpha Spot QWO 800">
						<Matrix>{8.53590478e-08,-1.50995803e-07,1.00000036}{1.48444723e-08,1,1.50995859e-07}{-1.00000095,1.41110048e-08,8.53590052e-08}{-6670.87305,-890.867859,3565.01685}</Matrix>
						<GDTFSpec>Clay Paky@Alpha Spot QWO 800@r3048.gdtf</GDTFSpec>
						<GDTFMode>Standard [Lamp Dmx] [Color Mixing=Cmy]</GDTFMode>
						<FixtureID>13</FixtureID>
						<UnitNumber>3</UnitNumber>
						<Addresses>
							<Address break="0">577</Address>
						</Addresses>
					</Fixture>
					<Fixture uuid="f0f9c52d-c919-d34b-ac97-11f050d80941" name="Alpha Spot QWO 800">
						<Matrix>{8.53590478e-08,-1.50995803e-07,1.00000036}{1.48444723e-08,1,1.50995859e-07}{-1.00000095,1.41110048e-08,8.53590052e-08}{-6670.87305,-890.867859,2565.01685}</Matrix>
						<GDTFSpec>Clay Paky@Alpha Spot QWO 800@r3048.gdtf</GDTFSpec>
						<GDTFMode>Standard [Lamp Dmx] [Color Mixing=Cmy]</GDTFMode>
						<FixtureID>14</FixtureID>
						<UnitNumber>4</UnitNumber>
						<Addresses>
							<Address break="0">609</Address>
						</Addresses>
					</Fixture>
					<Fixture uuid="5c2f6206-943d-6d44-9e4b-8c81dbdae736" name="Alpha Spot QWO 800">
						<Matrix>{8.53590478e-08,-1.50995803e-07,1.00000036}{1.48444723e-08,1,1.50995859e-07}{-1.00000095,1.41110048e-08,8.53590052e-08}{-6670.87305,-890.867859,1565.01672}</Matrix>
						<GDTFSpec>Clay Paky@Alpha Spot QWO 800@r3048.gdtf</GDTFSpec>
						<GDTFMode>Standard [Lamp Dmx] [Color Mixing=Cmy]</GDTFMode>
						<FixtureID>15</FixtureID>
						<UnitNumber>5</UnitNumber>
						<Addresses>
							<Address break="0">641</Address>
						</Addresses>
					</Fixture>
					<Fixture uuid="314d4732-3f2e-f741-9dd7-5634a8893162" name="Alpha Spot QWO 800">
						<Matrix>{-8.53590691e-08,-1.81427033e-08,-1.00000048}{-9.0547168e-08,1.00000048,-1.81427016e-08}{1.00000143,4.52601121e-08,-8.53590336e-08}{6720.64404,-890.868164,5565.0166}</Matrix>
						<GDTFSpec>Clay Paky@Alpha Spot QWO 800@r3048.gdtf</GDTFSpec>
						<GDTFMode>Standard [Lamp Dmx] [Color Mixing=Cmy]</GDTFMode>
						<FixtureID>16</FixtureID>
						<UnitNumber>1</UnitNumber>
						<Addresses>
							<Address break="0">673</Address>
						</Addresses>
					</Fixture>
					<Fixture uuid="30813983-f07c-b64e-b508-8125c89f2134" name="Alpha Spot QWO 800">
						<Matrix>{-8.53590691e-08,-1.81427033e-08,-1.00000048}{-9.0547168e-08,1.00000048,-1.81427016e-08}{1.00000143,4.52601121e-08,-8.53590336e-08}{6720.64404,-890.868164,4565.0166}</Matrix>
						<GDTFSpec>Clay Paky@Alpha Spot QWO 800@r3048.gdtf</GDTFSpec>
						<GDTFMode>Standard [Lamp Dmx] [Color Mixing=Cmy]</GDTFMode>
						<FixtureID>17</FixtureID>
						<UnitNumber>2</UnitNumber>
						<Addresses>
							<Address break="0">705</Address>
						</Addresses>
					</Fixture>
					<Fixture uuid="65afcd8b-f2d8-0942-b402-adabfb8fd180" name="Alpha Spot QWO 800">
						<Matrix>{-8.53590691e-08,-1.81427033e-08,-1.00000048}{-9.0547168e-08,1.00000048,-1.81427016e-08}{1.00000143,4.52601121e-08,-8.53590336e-08}{6720.64404,-890.868164,3565.01685}</Matrix>
						<GDTFSpec>Clay Paky@Alpha Spot QWO 800@r3048.gdtf</GDTFSpec>
						<GDTFMode>Standard [Lamp Dmx] [Color Mixing=Cmy]</GDTFMode>
						<FixtureID>18</FixtureID>
						<UnitNumber>3</UnitNumber>
						<Addresses>
							<Address break="0">737</Address>
						</Addresses>
					</Fixture>
					<Fixture uuid="8edb871e-6dd5-e545-8328-5764f0e793f3" name="Alpha Spot QWO 800">
						<Matrix>{-8.53590691e-08,-1.81427033e-08,-1.00000048}{-9.0547168e-08,1.00000048,-1.81427016e-08}{1.00000143,4.52601121e-08,-8.53590336e-08}{6720.64404,-890.868164,2565.01685}</Matrix>
						<GDTFSpec>Clay Paky@Alpha Spot QWO 800@r3048.gdtf</GDTFSpec>
						<GDTFMode>Standard [Lamp Dmx] [Color Mixing=Cmy]</GDTFMode>
						<FixtureID>19</FixtureID>
						<UnitNumber>4</UnitNumber>
						<Addresses>
							<Address break="0">769</Address>
						</Addresses>
					</Fixture>
					<Fixture uuid="fa417aba-296e-5047-bad6-9ba1c744af70" name="Alpha Spot QWO 800">
						<Matrix>{-8.53590691e-08,-1.81427033e-08,-1.00000048}{-9.0547168e-08,1.00000048,-1.81427016e-08}{1.00000143,4.52601121e-08,-8.53590336e-08}{6720.64404,-890.868164,1565.01672}</Matrix>
						<GDTFSpec>Clay Paky@Alpha Spot QWO 800@r3048.gdtf</GDTFSpec>
						<GDTFMode>Standard [Lamp Dmx] [Color Mixing=Cmy]</GDTFMode>
						<FixtureID>20</FixtureID>
						<UnitNumber>5</UnitNumber>
						<Addresses>
							<Address break="0">801</Address>
						</Addresses>
					</Fixture>
				</ChildList>
			</Layer>
			<Layer uuid="cbd398bc-c140-594d-95bf-1018301d43ff" name="Venue">
				<ChildList>
					<SceneObject uuid="e5ed1fdd-ff6b-f646-a204-64dc8359e507" name="">
						<Matrix>{-1.13560773e-07,-1,0}{1,-1.56215108e-07,0}{0,0,1}{-6670.68115,917.072266,403.517487}</Matrix>
						<Geometries>
							<Geometry3D fileName="0x826A5EB7.3ds">
								<Matrix>{1.17700028,0,0}{0,1.17700028,0}{0,0,1.17700028}{0,0,0}</Matrix>
							</Geometry3D>
						</Geometries>
					</SceneObject>
					<SceneObject uuid="d1d76649-35bd-9d49-baa4-abcb481fb2c8" name="">
						<Matrix>{-1.13560773e-07,-1,0}{1,-2.90814626e-08,0}{0,0,1}{-7235.12256,917.075012,0.158103183}</Matrix>
						<Geometries>
							<Geometry3D fileName="0x96EF0269.3ds">
								<Matrix>{1.0999999,0,0}{0,1.0999999,0}{0,0,1.0999999}{0,0,0}</Matrix>
							</Geometry3D>
						</Geometries>
					</SceneObject>
				</ChildList>
			</Layer>
			<Layer uuid="3672a4f5-678b-7348-b5d6-6c48c12e7505" name="Truss">
				<ChildList>
					<Truss uuid="dc323271-2e01-f14b-a1cd-84f0a2ef4860" name="">
						<Matrix>{-1.17268527e-07,0,-1.00000024}{0,1,0}{1.00000024,0,-1.17268527e-07}{-6823.14355,-884.489563,2351.63037}</Matrix>
						<Geometries>
							<Symbol uuid="41a69c35-f2fd-5f39-b087-c3cec766d6eb" symdef="d6a90e0d-e13b-5f2d-b39c-c740d6358d1d" />
						</Geometries>
					</Truss>
					<Truss uuid="af30abb2-996e-e94e-8e02-2b116c1681da" name="">
						<Matrix>{8.53590052e-08,0,-1.00000036}{0,1,0}{1.00000036,0,8.53590052e-08}{-6823.14258,-884.489563,4851.63477}</Matrix>
						<Geometries>
							<Symbol uuid="f6607c38-c396-53d4-a064-af63b3e3fcc5" symdef="d6a90e0d-e13b-5f2d-b39c-c740d6358d1d" />
						</Geometries>
					</Truss>
					<Truss uuid="b2d4032b-672a-c441-bf26-c7239cfa1776" name="">
						<Matrix>{1.17268556e-07,-5.77443536e-15,-1.00000024}{-9.05471538e-08,-1.00000036,0}{-1.00000072,-2.9695661e-08,-1.17268527e-07}{6872.91406,-897.245911,2351.63037}</Matrix>
						<Geometries>
							<Symbol uuid="91ebb142-ba2f-58cc-a3be-c5f4ae123d77" symdef="d6a90e0d-e13b-5f2d-b39c-c740d6358d1d" />
						</Geometries>
					</Truss>
					<Truss uuid="17dd6744-e83d-174f-9b00-798ddcc70ee1" name="">
						<Matrix>{-8.53590336e-08,9.62059937e-15,-1.00000036}{-8.75796147e-08,-1.00000024,0}{-1.00000095,-6.82939501e-08,8.53590052e-08}{6872.91406,-897.245667,4851.63477}</Matrix>
						<Geometries>
							<Symbol uuid="c7cf82e0-6134-5537-9297-68c16915c235" symdef="d6a90e0d-e13b-5f2d-b39c-c740d6358d1d" />
						</Geometries>
					</Truss>
				</ChildList>
			</Layer>
			<Layer uuid="55457db7-fda3-6241-9db5-b2fee6a49e45" name="Floor Lights">
				<ChildList>
					<Fixture uuid="82686b46-e89d-7248-b46a-77ff7d38f106" name="ALC4">
						<Matrix>{1,0,0}{0,-0.508461356,0.861084878}{0,-0.861084878,-0.508461356}{-3373.78198,90.8989639,1053.27075}</Matrix>
						<GDTFSpec>ADB@ALC4@r3012.gdtf</GDTFSpec>
						<GDTFMode>Standard [CT Mode=7 Step Preset]</GDTFMode>
						<FixtureID>21</FixtureID>
						<UnitNumber>11</UnitNumber>
						<Addresses>
							<Address break="0">201</Address>
						</Addresses>
					</Fixture>
					<Fixture uuid="f7fcf915-7f54-654f-aae9-0fa4d9c92a5b" name="ALC4">
						<Matrix>{1,0,0}{0,-0.508461356,0.861084878}{0,-0.861084878,-0.508461356}{-2373.78198,90.8989639,1053.27075}</Matrix>
						<GDTFSpec>ADB@ALC4@r3012.gdtf</GDTFSpec>
						<GDTFMode>Standard [CT Mode=7 Step Preset]</GDTFMode>
						<FixtureID>22</FixtureID>
						<UnitNumber>12</UnitNumber>
						<Addresses>
							<Address break="0">206</Address>
						</Addresses>
					</Fixture>
					<Fixture uuid="f2dd4fbd-19b8-904a-afbd-5e71ffe3bfb4" name="ALC4">
						<Matrix>{1,0,0}{0,-0.508461356,0.861084878}{0,-0.861084878,-0.508461356}{-1373.78198,90.8989639,1053.27075}</Matrix>
						<GDTFSpec>ADB@ALC4@r3012.gdtf</GDTFSpec>
						<GDTFMode>Standard [CT Mode=7 Step Preset]</GDTFMode>
						<FixtureID>23</FixtureID>
						<UnitNumber>13</UnitNumber>
						<Addresses>
							<Address break="0">211</Address>
						</Addresses>
					</Fixture>
					<Fixture uuid="21938eb4-877e-854b-a425-3f492cdea766" name="ALC4">
						<Matrix>{1,0,0}{0,-0.508461356,0.861084878}{0,-0.861084878,-0.508461356}{-567.407776,103.807274,1053.27075}</Matrix>
						<GDTFSpec>ADB@ALC4@r3012.gdtf</GDTFSpec>
						<GDTFMode>Standard [CT Mode=7 Step Preset]</GDTFMode>
						<FixtureID>24</FixtureID>
						<UnitNumber>14</UnitNumber>
						<Addresses>
							<Address break="0">216</Address>
						</Addresses>
					</Fixture>
					<Fixture uuid="51ace413-3479-0843-abb0-2f504acc09f1" name="ALC4">
						<Matrix>{1,0,0}{0,-0.508461356,0.861084878}{0,-0.861084878,-0.508461356}{3626.21802,117.357597,1053.27075}</Matrix>
						<GDTFSpec>ADB@ALC4@r3012.gdtf</GDTFSpec>
						<GDTFMode>Standard [CT Mode=7 Step Preset]</GDTFMode>
						<FixtureID>28</FixtureID>
						<UnitNumber>18</UnitNumber>
						<Addresses>
							<Address break="0">236</Address>
						</Addresses>
					</Fixture>
					<Fixture uuid="b7c2fd0d-c64c-eb47-bd1b-3e92358fccbc" name="ALC4">
						<Matrix>{1,0,0}{0,-0.508461356,0.861084878}{0,-0.861084878,-0.508461356}{432.592224,103.807274,1053.27075}</Matrix>
						<GDTFSpec>ADB@ALC4@r3012.gdtf</GDTFSpec>
						<GDTFMode>Standard [CT Mode=7 Step Preset]</GDTFMode>
						<FixtureID>25</FixtureID>
						<UnitNumber>15</UnitNumber>
						<Addresses>
							<Address break="0">221</Address>
						</Addresses>
					</Fixture>
					<Fixture uuid="efe4c2df-b9b2-5149-9cdd-00bb7dd05b17" name="ALC4">
						<Matrix>{1,0,0}{0,-0.508461356,0.861084878}{0,-0.861084878,-0.508461356}{1432.59338,103.807274,1053.27075}</Matrix>
						<GDTFSpec>ADB@ALC4@r3012.gdtf</GDTFSpec>
						<GDTFMode>Standard [CT Mode=7 Step Preset]</GDTFMode>
						<FixtureID>26</FixtureID>
						<UnitNumber>16</UnitNumber>
						<Addresses>
							<Address break="0">226</Address>
						</Addresses>
					</Fixture>
					<Fixture uuid="4ebddcb5-3001-bd44-b54a-c906bd43b29a" name="ALC4">
						<Matrix>{1,0,0}{0,-0.508461356,0.861084878}{0,-0.861084878,-0.508461356}{2432.59326,103.807274,1053.27075}</Matrix>
						<GDTFSpec>ADB@ALC4@r3012.gdtf</GDTFSpec>
						<GDTFMode>Standard [CT Mode=7 Step Preset]</GDTFMode>
						<FixtureID>27</FixtureID>
						<UnitNumber>17</UnitNumber>
						<Addresses>
							<Address break="0">231</Address>
						</Addresses>
					</Fixture>
				</ChildList>
			</Layer>
			<Layer uuid="bd7fb04d-e197-dd42-9f6d-d60c22062d33" name="Rigging">
				<ChildList />
			</Layer>
			<Layer uuid="167aff97-a2cb-4709-8948-6146b57cff7d" name="Band">
				<ChildList>
					<SceneObject uuid="c77b660b-d14e-4845-8765-dcbca47e39e1" name="">
						<Matrix>{1,0,0}{0,1,0}{0,0,1}{3253.67725,-552.108521,1045.974}</Matrix>
						<Geometries>
							<Geometry3D fileName="0x765153DA.3ds" />
							<Geometry3D fileName="0xAA00FED9.3ds" />
							<Geometry3D fileName="0xD09E5036.3ds" />
							<Geometry3D fileName="0x241602A.3ds" />
							<Geometry3D fileName="0x599100FA.3ds" />
							<Geometry3D fileName="0x17A94CFF.3ds" />
							<Geometry3D fileName="0xFAE57391.3ds" />
						</Geometries>
					</SceneObject>
					<SceneObject uuid="0c5854c5-93b2-42d5-8492-527f57bc5279" name="">
						<Matrix>{0.978080153,0.208229437,0}{-0.208229437,0.978080153,0}{0,0,1}{-3403.74609,-869.484863,1349.85071}</Matrix>
						<Geometries>
							<Geometry3D fileName="0x63EAD3A.3ds" />
							<Geometry3D fileName="0x5F808CC7.3ds" />
							<Geometry3D fileName="0x414D905E.3ds" />
							<Geometry3D fileName="0x477EF639.3ds" />
							<Geometry3D fileName="0x13441219.3ds" />
							<Geometry3D fileName="0x812ED4AB.3ds" />
							<Geometry3D fileName="0x73288D1.3ds" />
						</Geometries>
					</SceneObject>
					<SceneObject uuid="826579cd-e965-46d0-9970-d4ad4609730e" name="">
						<Matrix>{0.874958575,0.484198153,0}{-0.484198153,0.874958575,0}{0,0,1}{-4135.15186,-2611.14746,872.038208}</Matrix>
						<Geometries>
							<Geometry3D fileName="0x2A0F6E20.3ds" />
							<Geometry3D fileName="0x49A13099.3ds" />
							<Geometry3D fileName="0xD09E5036.3ds" />
							<Geometry3D fileName="0x241602A.3ds" />
							<Geometry3D fileName="0x32DAABFB.3ds" />
							<Geometry3D fileName="0x846E93AB.3ds" />
							<Geometry3D fileName="0x1675B930.3ds" />
						</Geometries>
					</SceneObject>
					<SceneObject uuid="0969acba-62fe-4c3a-8068-6f6dbad341ce" name="">
						<Matrix>{0.962085426,0.272749364,0}{-0.272749364,0.962085426,0}{0,0,1}{-3161.38989,-2341.25269,858.386536}</Matrix>
						<Geometries>
							<Geometry3D fileName="0xE97CA9B1.3ds" />
							<Geometry3D fileName="0xC98EA0CA.3ds" />
							<Geometry3D fileName="0x7DF77E62.3ds" />
							<Geometry3D fileName="0x912CB07B.3ds" />
							<Geometry3D fileName="0xDB23A965.3ds" />
							<Geometry3D fileName="0x13614EB4.3ds" />
							<Geometry3D fileName="0x705D5EB8.3ds" />
						</Geometries>
					</SceneObject>
					<SceneObject uuid="1cf86c46-0cb2-4f5c-9c58-d61ca8af6af9" name="">
						<Matrix>{0.996087611,0.0883739814,0}{-0.0883739814,0.996087611,0}{0,0,1}{-58.779068,-2577.88989,916.771179}</Matrix>
						<Geometries>
							<Geometry3D fileName="0x36AF69A.3ds" />
							<Geometry3D fileName="0x15283A6B.3ds" />
							<Geometry3D fileName="0x98490B70.3ds" />
							<Geometry3D fileName="0x504D9955.3ds" />
							<Geometry3D fileName="0xB51E6477.3ds" />
							<Geometry3D fileName="0x7D4E19F.3ds" />
							<Geometry3D fileName="0x717BE23A.3ds" />
						</Geometries>
					</SceneObject>
					<SceneObject uuid="81896ee4-2b32-4e72-81dd-60460803b62a" name="">
						<Matrix>{0.912419975,-0.409255207,0}{0.409255207,0.912419975,0}{0,0,1}{4118.58398,-2621.02979,885.690613}</Matrix>
						<Geometries>
							<Geometry3D fileName="0xC478A51B.3ds" />
							<Geometry3D fileName="0x6215B.3ds" />
							<Geometry3D fileName="0xC91CAAD0.3ds" />
							<Geometry3D fileName="0x5C5B6C64.3ds" />
							<Geometry3D fileName="0x73DA053F.3ds" />
							<Geometry3D fileName="0xF00302E4.3ds" />
							<Geometry3D fileName="0xB9139278.3ds" />
						</Geometries>
					</SceneObject>
				</ChildList>
			</Layer>
			<Layer uuid="4882bb7f-d2c0-4aef-8dea-1e269d71127d" name="Stage">
				<ChildList>
					<SceneObject uuid="3e0a814d-cd5e-f347-8f94-a62f008966a2" name="">
						<Matrix>{-0.965925992,-0.258819252,0}{0.258819252,-0.965925992,0}{0,0,1}{-1324.38135,2597.76221,788.264954}</Matrix>
						<Geometries>
							<Geometry3D fileName="0x2BE4565.3ds" />
						</Geometries>
					</SceneObject>
					<SceneObject uuid="d23c2f45-549a-494b-a24b-8c9ce1c22b3c" name="">
						<Matrix>{-0.956367135,0.292167664,0}{-0.292167664,-0.956367135,0}{0,0,1}{9939.20117,115.069283,685.957764}</Matrix>
						<Geometries>
							<Geometry3D fileName="0x2BE4565.3ds" />
						</Geometries>
					</SceneObject>
					<SceneObject uuid="1fd48ebb-dd64-104d-9a13-28179f4f8f25" name="">
						<Matrix>{-0.906717598,-0.421738684,0}{0.421738684,-0.906717598,0}{0,0,1}{-3960.30811,1335.21375,0.158103183}</Matrix>
						<Geometries>
							<Geometry3D fileName="0x2BE4565.3ds" />
						</Geometries>
					</SceneObject>
					<SceneObject uuid="d4161f2e-2ee1-ed46-a648-70e3b7480c10" name="">
						<Matrix>{-0.900533795,0.434786886,0}{-0.434786886,-0.900533795,0}{0,0,1}{11952.457,-2460.71118,0.158103183}</Matrix>
						<Geometries>
							<Geometry3D fileName="0x2BE4565.3ds" />
						</Geometries>
					</SceneObject>
					<GroupObject uuid="58275b8e-7229-4815-9f43-aebb76e7a826">
						<ChildList>
							<SceneObject uuid="915171cf-1e26-4c45-839f-7731e56ba468" name="">
								<Matrix>{-1.13560773e-07,-1,0}{1,-1.13560773e-07,0}{0,0,1}{-3232.80981,3316.49097,0.158103183}</Matrix>
								<Geometries>
									<Geometry3D fileName="0x5391306C.3ds" />
								</Geometries>
							</SceneObject>
							<SceneObject uuid="987c14a6-5695-4305-815a-4e9a76f1bf99" name="">
								<Matrix>{-1.13560773e-07,-1,0}{1,-1.13560773e-07,0}{0,0,1}{-3232.80981,3316.49097,0.158103183}</Matrix>
								<Geometries>
									<Geometry3D fileName="0x70D29EA2.3ds" />
								</Geometries>
							</SceneObject>
							<SceneObject uuid="b61fe2f6-9835-48bb-8c63-ba1a20cb3256" name="">
								<Matrix>{-1.13560773e-07,-1,0}{1,-1.13560773e-07,0}{0,0,1}{-3232.80981,3316.49097,0.158103183}</Matrix>
								<Geometries>
									<Geometry3D fileName="0xD836042F.3ds" />
								</Geometries>
							</SceneObject>
							<SceneObject uuid="623586b6-bf7c-4e4d-906c-d5e595e6b441" name="">
								<Matrix>{-1.13560773e-07,-1,0}{1,-1.13560773e-07,0}{0,0,1}{-3232.80981,3316.49097,0.158103183}</Matrix>
								<Geometries>
									<Geometry3D fileName="0xE3A7F91F.3ds" />
								</Geometries>
							</SceneObject>
						</ChildList>
					</GroupObject>
				</ChildList>
			</Layer>
			<Layer uuid="aac69398-14f0-4952-9914-350f5e856524" name="Video">
				<ChildList />
			</Layer>
			<Layer uuid="3fce4965-be99-43f6-8813-1c8c6e64c23d" name="Side Lights">
				<ChildList />
			</Layer>
			<Layer uuid="92caa87d-595f-4306-98e7-9899082ff723">
				<ChildList>
					<GroupObject uuid="0442f346-98c8-48b4-9b22-556d0c95c470">
						<ChildList>
							<Truss uuid="0634a931-03cc-0542-bf9d-f5fd3c479bf8" name="Back Arc">
								<Matrix>{-0.381734729,0.92427206,0}{-0.92427206,-0.381734729,0}{0,0,1}{10.9638882,-8056.2666,6008.95801}</Matrix>
								<Geometries>
									<Symbol uuid="de714b2a-486f-50a7-a0c4-4ff92b04e1c4" symdef="12fcdd5e-4194-56a0-96de-1c3c4edf1cd3" />
								</Geometries>
							</Truss>
							<Fixture uuid="bdbbe2a8-aeba-9e49-b241-6406f5c250bc" name="A.leda Wash K20">
								<Matrix>{0.345152915,-0.938546598,0}{0.938546598,0.345152915,0}{0,0,1}{-3531.79517,1361.95911,5856.77441}</Matrix>
								<GDTFSpec>Clay Paky@A.leda Wash K20@r3044.gdtf</GDTFSpec>
								<GDTFMode>Standard</GDTFMode>
								<FixtureID>1</FixtureID>
								<UnitNumber>1</UnitNumber>
								<Addresses>
									<Address break="0">1</Address>
								</Addresses>
							</Fixture>
							<Fixture uuid="9f0caab6-cb09-1e4d-bbd3-f646eaa742ae" name="A.leda Wash K20">
								<Matrix>{0.270453185,-0.962733269,0}{0.962733269,0.270453185,0}{0,0,1}{-2762.11108,1865.55334,5856.77441}</Matrix>
								<GDTFSpec>Clay Paky@A.leda Wash K20@r3044.gdtf</GDTFSpec>
								<GDTFMode>Standard</GDTFMode>
								<FixtureID>2</FixtureID>
								<UnitNumber>2</UnitNumber>
								<Addresses>
									<Address break="0">21</Address>
								</Addresses>
							</Fixture>
							<Fixture uuid="e44620ff-f871-9d4f-a695-adc20b3e68b6" name="A.leda Wash K20">
								<Matrix>{0.194081679,-0.980985522,0}{0.980985522,0.194081679,0}{0,0,1}{-1942.91077,1814.4469,5856.77441}</Matrix>
								<GDTFSpec>Clay Paky@A.leda Wash K20@r3044.gdtf</GDTFSpec>
								<GDTFMode>Standard</GDTFMode>
								<FixtureID>3</FixtureID>
								<UnitNumber>3</UnitNumber>
								<Addresses>
									<Address break="0">41</Address>
								</Addresses>
							</Fixture>
							<Fixture uuid="de400085-1107-ee44-8595-bc4f26a530d3" name="A.leda Wash K20">
								<Matrix>{0.116518125,-0.993188679,0}{0.993188679,0.116518125,0}{0,0,1}{-1156.29602,2179.49878,5856.77441}</Matrix>
								<GDTFSpec>Clay Paky@A.leda Wash K20@r3044.gdtf</GDTFSpec>
								<GDTFMode>Standard</GDTFMode>
								<FixtureID>4</FixtureID>
								<UnitNumber>4</UnitNumber>
								<Addresses>
									<Address break="0">61</Address>
								</Addresses>
							</Fixture>
							<Fixture uuid="42320df6-763a-3741-b011-2a1d852da608" name="A.leda Wash K20">
								<Matrix>{0.0382328182,-0.999268949,0}{0.999268949,0.0382328182,0}{0,0,1}{-355.732422,1999.30225,5856.77441}</Matrix>
								<GDTFSpec>Clay Paky@A.leda Wash K20@r3044.gdtf</GDTFSpec>
								<GDTFMode>Standard</GDTFMode>
								<FixtureID>5</FixtureID>
								<UnitNumber>5</UnitNumber>
								<Addresses>
									<Address break="0">81</Address>
								</Addresses>
							</Fixture>
							<Fixture uuid="4745ea81-91bb-bf4e-865d-b5f7a2328414" name="A.leda Wash K20">
								<Matrix>{-0.0402856395,-0.999188364,0}{0.999188364,-0.0402856395,0}{0,0,1}{471.466064,2235.58789,5856.77441}</Matrix>
								<GDTFSpec>Clay Paky@A.leda Wash K20@r3044.gdtf</GDTFSpec>
								<GDTFMode>Standard</GDTFMode>
								<FixtureID>6</FixtureID>
								<UnitNumber>6</UnitNumber>
								<Addresses>
									<Address break="0">101</Address>
								</Addresses>
							</Fixture>
							<Fixture uuid="08585948-7d11-f54e-963d-138fe0b3a4f5" name="A.leda Wash K20">
								<Matrix>{-0.118557848,-0.99294734,0}{0.99294734,-0.118557848,0}{0,0,1}{1273.1427,1926.73755,5856.77441}</Matrix>
								<GDTFSpec>Clay Paky@A.leda Wash K20@r3044.gdtf</GDTFSpec>
								<GDTFMode>Standard</GDTFMode>
								<FixtureID>7</FixtureID>
								<UnitNumber>7</UnitNumber>
								<Addresses>
									<Address break="0">121</Address>
								</Addresses>
							</Fixture>
							<Fixture uuid="bec10369-7cdb-9445-862e-5a87af56d6fa" name="A.leda Wash K20">
								<Matrix>{-0.196096256,-0.980584741,0}{0.980584741,-0.196096256,0}{0,0,1}{2079.97021,2036.00623,5856.77441}</Matrix>
								<GDTFSpec>Clay Paky@A.leda Wash K20@r3044.gdtf</GDTFSpec>
								<GDTFMode>Standard</GDTFMode>
								<FixtureID>8</FixtureID>
								<UnitNumber>8</UnitNumber>
								<Addresses>
									<Address break="0">141</Address>
								</Addresses>
							</Fixture>
							<Fixture uuid="5fea9fe1-fcfd-4848-aba8-db478685deab" name="A.leda Wash K20">
								<Matrix>{-0.272428691,-0.962176144,0}{0.962176144,-0.272428691,0}{0,0,1}{2856.65894,1595.802,5856.77441}</Matrix>
								<GDTFSpec>Clay Paky@A.leda Wash K20@r3044.gdtf</GDTFSpec>
								<GDTFMode>Standard</GDTFMode>
								<FixtureID>9</FixtureID>
								<UnitNumber>9</UnitNumber>
								<Addresses>
									<Address break="0">161</Address>
								</Addresses>
							</Fixture>
							<Fixture uuid="5cf99028-8836-3940-b15b-df8c1d3af966" name="A.leda Wash K20">
								<Matrix>{-0.347080886,-0.937835336,0}{0.937835336,-0.347080886,0}{0,0,1}{3668.34082,1575.11292,5856.77441}</Matrix>
								<GDTFSpec>Clay Paky@A.leda Wash K20@r3044.gdtf</GDTFSpec>
								<GDTFMode>Standard</GDTFMode>
								<FixtureID>10</FixtureID>
								<UnitNumber>10</UnitNumber>
								<Addresses>
									<Address break="0">181</Address>
								</Addresses>
							</Fixture>
						</ChildList>
					</GroupObject>
					<GroupObject uuid="8bfc858d-1931-40ca-b192-bf0121ba9810">
						<ChildList>
							<Fixture uuid="9b538a8f-699d-3e4d-a6af-e799be372b2e" name="Robin MMX Spot">
								<Matrix>{-0.707106948,-0.707107186,4.16646664e-08}{0.683013201,-0.683012903,0.258819103}{-0.183012769,0.183012798,0.965925872}{6611.44922,-3391.25732,7812.87549}</Matrix>
								<GDTFSpec>Robe@Robin MMX Spot@r3046.gdtf</GDTFSpec>
								<GDTFMode>1</GDTFMode>
								<FixtureID>47</FixtureID>
								<UnitNumber>19</UnitNumber>
								<Addresses>
									<Address break="0">2561</Address>
								</Addresses>
							</Fixture>
							<Fixture uuid="3d6ed866-8e44-344b-96bc-63a39e0ec6c7" name="Robin MMX WashBeam">
								<Matrix>{-0.707106948,-0.707107186,4.16646664e-08}{0.683013201,-0.683012903,0.258819103}{-0.183012769,0.183012798,0.965925872}{6377.80078,-2818.1936,7660.03125}</Matrix>
								<GDTFSpec>Robe@Robin MMX WashBeam@r3039.gdtf</GDTFSpec>
								<GDTFMode>1</GDTFMode>
								<FixtureID>71</FixtureID>
								<UnitNumber>43</UnitNumber>
								<Addresses>
									<Address break="0">2789</Address>
								</Addresses>
							</Fixture>
							<Fixture uuid="79fbfc60-ed0c-9c4f-bbd3-0e4b961a54a1" name="Robin MMX WashBeam">
								<Matrix>{-0.707106948,-0.707107186,4.16646664e-08}{0.683013201,-0.683012903,0.258819103}{-0.183012769,0.183012798,0.965925872}{5592.0127,-2032.4054,7362.26562}</Matrix>
								<GDTFSpec>Robe@Robin MMX WashBeam@r3039.gdtf</GDTFSpec>
								<GDTFMode>1</GDTFMode>
								<FixtureID>72</FixtureID>
								<UnitNumber>44</UnitNumber>
								<Addresses>
									<Address break="0">2823</Address>
								</Addresses>
							</Fixture>
							<Fixture uuid="220a4bf3-b2d4-4d4d-b161-6f1a2aadea65" name="Robin MMX WashBeam">
								<Matrix>{-0.707106948,-0.707107186,4.16646664e-08}{0.683013201,-0.683012903,0.258819103}{-0.183012769,0.183012798,0.965925872}{4806.22461,-1246.61426,7064.50098}</Matrix>
								<GDTFSpec>Robe@Robin MMX WashBeam@r3039.gdtf</GDTFSpec>
								<GDTFMode>1</GDTFMode>
								<FixtureID>73</FixtureID>
								<UnitNumber>45</UnitNumber>
								<Addresses>
									<Address break="0">2857</Address>
								</Addresses>
							</Fixture>
							<Fixture uuid="4d7c56c3-0eb4-0643-9c93-b0cb6dec4106" name="Robin MMX WashBeam">
								<Matrix>{-0.707106948,-0.707107186,4.16646664e-08}{0.683013201,-0.683012903,0.258819103}{-0.183012769,0.183012798,0.965925872}{4020.43164,-460.823425,6766.73389}</Matrix>
								<GDTFSpec>Robe@Robin MMX WashBeam@r3039.gdtf</GDTFSpec>
								<GDTFMode>1</GDTFMode>
								<FixtureID>74</FixtureID>
								<UnitNumber>46</UnitNumber>
								<Addresses>
									<Address break="0">2891</Address>
								</Addresses>
							</Fixture>
							<Fixture uuid="e9600491-0e4b-c34c-ab03-ebc1daffcd12" name="Robin MMX WashBeam">
								<Matrix>{-0.707106948,-0.707107186,4.16646664e-08}{0.683013201,-0.683012903,0.258819103}{-0.183012769,0.183012798,0.965925872}{3234.64062,324.966034,6468.96924}</Matrix>
								<GDTFSpec>Robe@Robin MMX WashBeam@r3039.gdtf</GDTFSpec>
								<GDTFMode>1</GDTFMode>
								<FixtureID>75</FixtureID>
								<UnitNumber>47</UnitNumber>
								<Addresses>
									<Address break="0">2925</Address>
								</Addresses>
							</Fixture>
							<Fixture uuid="fbe1ce62-121e-104b-acd5-e88f9bfc74c8" name="Robin MMX WashBeam">
								<Matrix>{-0.707106948,-0.707107186,4.16646664e-08}{0.683013201,-0.683012903,0.258819103}{-0.183012769,0.183012798,0.965925872}{2448.854,1110.75476,6171.20557}</Matrix>
								<GDTFSpec>Robe@Robin MMX WashBeam@r3039.gdtf</GDTFSpec>
								<GDTFMode>1</GDTFMode>
								<FixtureID>76</FixtureID>
								<UnitNumber>48</UnitNumber>
								<Addresses>
									<Address break="0">2959</Address>
								</Addresses>
							</Fixture>
							<Fixture uuid="341c3e64-4359-7644-93ed-b04fe0deeec2" name="Robin MMX Spot">
								<Matrix>{-0.707106948,-0.707107186,4.16646664e-08}{0.683013201,-0.683012903,0.258819103}{-0.183012769,0.183012798,0.965925872}{5825.66357,-2605.46606,7515.11035}</Matrix>
								<GDTFSpec>Robe@Robin MMX Spot@r3046.gdtf</GDTFSpec>
								<GDTFMode>1</GDTFMode>
								<FixtureID>48</FixtureID>
								<UnitNumber>20</UnitNumber>
								<Addresses>
									<Address break="0">2599</Address>
								</Addresses>
							</Fixture>
							<Fixture uuid="0a4bb997-d616-694e-af12-050d1811ef7e" name="Robin MMX Spot">
								<Matrix>{-0.707106948,-0.707107186,4.16646664e-08}{0.683013201,-0.683012903,0.258819103}{-0.183012769,0.183012798,0.965925872}{5039.87354,-1819.67529,7217.3457}</Matrix>
								<GDTFSpec>Robe@Robin MMX Spot@r3046.gdtf</GDTFSpec>
								<GDTFMode>1</GDTFMode>
								<FixtureID>49</FixtureID>
								<UnitNumber>21</UnitNumber>
								<Addresses>
									<Address break="0">2637</Address>
								</Addresses>
							</Fixture>
							<Fixture uuid="16600b26-b44f-b449-9ef1-ef83c84cff92" name="Robin MMX Spot">
								<Matrix>{-0.707106948,-0.707107186,4.16646664e-08}{0.683013201,-0.683012903,0.258819103}{-0.183012769,0.183012798,0.965925872}{4254.08105,-1033.88367,6919.58057}</Matrix>
								<GDTFSpec>Robe@Robin MMX Spot@r3046.gdtf</GDTFSpec>
								<GDTFMode>1</GDTFMode>
								<FixtureID>50</FixtureID>
								<UnitNumber>22</UnitNumber>
								<Addresses>
									<Address break="0">2675</Address>
								</Addresses>
							</Fixture>
							<Fixture uuid="89a2a75a-4dbb-414f-be1e-24ae4c5f551a" name="Robin MMX Spot">
								<Matrix>{-0.707106948,-0.707107186,4.16646664e-08}{0.683013201,-0.683012903,0.258819103}{-0.183012769,0.183012798,0.965925872}{3468.29224,-248.095215,6621.81592}</Matrix>
								<GDTFSpec>Robe@Robin MMX Spot@r3046.gdtf</GDTFSpec>
								<GDTFMode>1</GDTFMode>
								<FixtureID>51</FixtureID>
								<UnitNumber>23</UnitNumber>
								<Addresses>
									<Address break="0">2713</Address>
								</Addresses>
							</Fixture>
							<Fixture uuid="84b252a6-ef2b-f44e-a1ac-492ea627a427" name="Robin MMX Spot">
								<Matrix>{-0.707106948,-0.707107186,4.16646664e-08}{0.683013201,-0.683012903,0.258819103}{-0.183012769,0.183012798,0.965925872}{2682.50098,537.695679,6324.04932}</Matrix>
								<GDTFSpec>Robe@Robin MMX Spot@r3046.gdtf</GDTFSpec>
								<GDTFMode>1</GDTFMode>
								<FixtureID>52</FixtureID>
								<UnitNumber>24</UnitNumber>
								<Addresses>
									<Address break="0">2751</Address>
								</Addresses>
							</Fixture>
							<Truss uuid="53610481-43be-ac47-813d-de772d3bd2a9" name="">
								<Matrix>{-0.683013141,0.683012962,-0.258819103}{-0.707107008,-0.707107127,3.03513232e-08}{-0.183012769,0.183012798,0.965925872}{5692.58594,-2302.68311,7608.52539}</Matrix>
								<Geometries>
									<Symbol uuid="3b259b1f-d632-515a-8b01-983adc5f7533" symdef="96d9fd5f-ca47-5427-82fa-4e765737556f" />
								</Geometries>
							</Truss>
							<Truss uuid="932e2849-bf12-0d4e-9392-0f0d460922b2" name="">
								<Matrix>{-0.683013141,0.683012962,-0.258819103}{-0.707107008,-0.707107127,3.03513232e-08}{-0.183012769,0.183012798,0.965925872}{3302.03955,87.8620605,6702.6582}</Matrix>
								<Geometries>
									<Symbol uuid="fa75f40d-2d7c-5506-818d-7aafcc83353c" symdef="96d9fd5f-ca47-5427-82fa-4e765737556f" />
								</Geometries>
							</Truss>
						</ChildList>
					</GroupObject>
					<GroupObject uuid="afb1b847-01bd-40b3-b01a-f3d5b651cb3e">
						<ChildList>
							<Fixture uuid="c3403f12-6421-094a-a8a1-e7ffd114694b" name="Robin MMX Spot">
								<Matrix>{-0.96592623,-0.258819252,4.16646664e-08}{0.250000298,-0.933013141,0.258819103}{-0.0669873133,0.25000006,0.965925872}{2325.67041,-5819.3584,7812.87549}</Matrix>
								<GDTFSpec>Robe@Robin MMX Spot@r3046.gdtf</GDTFSpec>
								<GDTFMode>1</GDTFMode>
								<FixtureID>41</FixtureID>
								<UnitNumber>13</UnitNumber>
								<Addresses>
									<Address break="0">2049</Address>
								</Addresses>
							</Fixture>
							<Fixture uuid="91a62abe-1045-8e4b-964a-6a0ea0da9173" name="Robin MMX WashBeam">
								<Matrix>{-0.96592623,-0.258819252,4.16646664e-08}{0.250000298,-0.933013141,0.258819103}{-0.0669873133,0.25000006,0.965925872}{2409.85425,-5206.25,7660.03125}</Matrix>
								<GDTFSpec>Robe@Robin MMX WashBeam@r3039.gdtf</GDTFSpec>
								<GDTFMode>1</GDTFMode>
								<FixtureID>65</FixtureID>
								<UnitNumber>37</UnitNumber>
								<Addresses>
									<Address break="0">2277</Address>
								</Addresses>
							</Fixture>
							<Fixture uuid="1561fc4c-5d2a-4f4c-a600-573dfaa09f7d" name="Robin MMX WashBeam">
								<Matrix>{-0.96592623,-0.258819252,4.16646664e-08}{0.250000298,-0.933013141,0.258819103}{-0.0669873133,0.25000006,0.965925872}{2122.23657,-4132.84229,7362.26562}</Matrix>
								<GDTFSpec>Robe@Robin MMX WashBeam@r3039.gdtf</GDTFSpec>
								<GDTFMode>1</GDTFMode>
								<FixtureID>66</FixtureID>
								<UnitNumber>38</UnitNumber>
								<Addresses>
									<Address break="0">2311</Address>
								</Addresses>
							</Fixture>
							<Fixture uuid="02af7fac-a1d1-a042-8777-b038878d8139" name="Robin MMX WashBeam">
								<Matrix>{-0.96592623,-0.258819252,4.16646664e-08}{0.250000298,-0.933013141,0.258819103}{-0.0669873133,0.25000006,0.965925872}{1834.61865,-3059.42896,7064.50098}</Matrix>
								<GDTFSpec>Robe@Robin MMX WashBeam@r3039.gdtf</GDTFSpec>
								<GDTFMode>1</GDTFMode>
								<FixtureID>67</FixtureID>
								<UnitNumber>39</UnitNumber>
								<Addresses>
									<Address break="0">2345</Address>
								</Addresses>
							</Fixture>
							<Fixture uuid="e0bc57cb-8cd2-8544-978c-45d9844ebe34" name="Robin MMX WashBeam">
								<Matrix>{-0.96592623,-0.258819252,4.16646664e-08}{0.250000298,-0.933013141,0.258819103}{-0.0669873133,0.25000006,0.965925872}{1546.99915,-1986.01709,6766.73389}</Matrix>
								<GDTFSpec>Robe@Robin MMX WashBeam@r3039.gdtf</GDTFSpec>
								<GDTFMode>1</GDTFMode>
								<FixtureID>68</FixtureID>
								<UnitNumber>40</UnitNumber>
								<Addresses>
									<Address break="0">2379</Address>
								</Addresses>
							</Fixture>
							<Fixture uuid="8d08452b-cc37-5d46-9e22-919b22797de1" name="Robin MMX WashBeam">
								<Matrix>{-0.96592623,-0.258819252,4.16646664e-08}{0.250000298,-0.933013141,0.258819103}{-0.0669873133,0.25000006,0.965925872}{1259.37878,-912.605408,6468.96924}</Matrix>
								<GDTFSpec>Robe@Robin MMX WashBeam@r3039.gdtf</GDTFSpec>
								<GDTFMode>1</GDTFMode>
								<FixtureID>69</FixtureID>
								<UnitNumber>41</UnitNumber>
								<Addresses>
									<Address break="0">2413</Address>
								</Addresses>
							</Fixture>
							<Fixture uuid="4b58ee33-7999-474d-b7ef-929a580f4f2b" name="Robin MMX WashBeam">
								<Matrix>{-0.96592623,-0.258819252,4.16646664e-08}{0.250000298,-0.933013141,0.258819103}{-0.0669873133,0.25000006,0.965925872}{971.761169,160.799179,6171.20557}</Matrix>
								<GDTFSpec>Robe@Robin MMX WashBeam@r3039.gdtf</GDTFSpec>
								<GDTFMode>1</GDTFMode>
								<FixtureID>70</FixtureID>
								<UnitNumber>42</UnitNumber>
								<Addresses>
									<Address break="0">2447</Address>
								</Addresses>
							</Fixture>
							<Fixture uuid="c317027d-769c-b542-856f-bc93669243cc" name="Robin MMX Spot">
								<Matrix>{-0.96592623,-0.258819252,4.16646664e-08}{0.250000298,-0.933013141,0.258819103}{-0.0669873133,0.25000006,0.965925872}{2038.05396,-4745.9541,7515.11035}</Matrix>
								<GDTFSpec>Robe@Robin MMX Spot@r3046.gdtf</GDTFSpec>
								<GDTFMode>1</GDTFMode>
								<FixtureID>42</FixtureID>
								<UnitNumber>14</UnitNumber>
								<Addresses>
									<Address break="0">2087</Address>
								</Addresses>
							</Fixture>
							<Fixture uuid="940fa65e-6a02-a54e-b289-e85134de0046" name="Robin MMX Spot">
								<Matrix>{-0.96592623,-0.258819252,4.16646664e-08}{0.250000298,-0.933013141,0.258819103}{-0.0669873133,0.25000006,0.965925872}{1750.43396,-3672.54102,7217.3457}</Matrix>
								<GDTFSpec>Robe@Robin MMX Spot@r3046.gdtf</GDTFSpec>
								<GDTFMode>1</GDTFMode>
								<FixtureID>43</FixtureID>
								<UnitNumber>15</UnitNumber>
								<Addresses>
									<Address break="0">2125</Address>
								</Addresses>
							</Fixture>
							<Fixture uuid="84126258-9750-b646-8254-09bac80a6f6c" name="Robin MMX Spot">
								<Matrix>{-0.96592623,-0.258819252,4.16646664e-08}{0.250000298,-0.933013141,0.258819103}{-0.0669873133,0.25000006,0.965925872}{1462.8147,-2599.12622,6919.58057}</Matrix>
								<GDTFSpec>Robe@Robin MMX Spot@r3046.gdtf</GDTFSpec>
								<GDTFMode>1</GDTFMode>
								<FixtureID>44</FixtureID>
								<UnitNumber>16</UnitNumber>
								<Addresses>
									<Address break="0">2163</Address>
								</Addresses>
							</Fixture>
							<Fixture uuid="e4b71fbe-c792-8f43-b6f5-d819fa7d0294" name="Robin MMX Spot">
								<Matrix>{-0.96592623,-0.258819252,4.16646664e-08}{0.250000298,-0.933013141,0.258819103}{-0.0669873133,0.25000006,0.965925872}{1175.19592,-1525.71814,6621.81592}</Matrix>
								<GDTFSpec>Robe@Robin MMX Spot@r3046.gdtf</GDTFSpec>
								<GDTFMode>1</GDTFMode>
								<FixtureID>45</FixtureID>
								<UnitNumber>17</UnitNumber>
								<Addresses>
									<Address break="0">2201</Address>
								</Addresses>
							</Fixture>
							<Fixture uuid="f08052d0-760a-d848-ad33-13a04037945b" name="Robin MMX Spot">
								<Matrix>{-0.96592623,-0.258819252,4.16646664e-08}{0.250000298,-0.933013141,0.258819103}{-0.0669873133,0.25000006,0.965925872}{887.575806,-452.30658,6324.04932}</Matrix>
								<GDTFSpec>Robe@Robin MMX Spot@r3046.gdtf</GDTFSpec>
								<GDTFMode>1</GDTFMode>
								<FixtureID>46</FixtureID>
								<UnitNumber>18</UnitNumber>
								<Addresses>
									<Address break="0">2239</Address>
								</Addresses>
							</Fixture>
							<Truss uuid="b2bca68a-f18d-dd43-a066-58f30134371e" name="">
								<Matrix>{-0.250000268,0.933013141,-0.258819103}{-0.96592623,-0.258819222,3.03513232e-08}{-0.0669873133,0.25000006,0.965925872}{2074.19653,-4417.1958,7608.52539}</Matrix>
								<Geometries>
									<Symbol uuid="20dc5fa9-4263-5955-a286-5ace1c92471d" symdef="96d9fd5f-ca47-5427-82fa-4e765737556f" />
								</Geometries>
							</Truss>
							<Truss uuid="16b0ee7c-f057-e84a-869c-dce09dff0a5e" name="">
								<Matrix>{-0.250000268,0.933013141,-0.258819103}{-0.96592623,-0.258819222,3.03513232e-08}{-0.0669873133,0.25000006,0.965925872}{1199.19592,-1151.64294,6702.6582}</Matrix>
								<Geometries>
									<Symbol uuid="d6d8d7c8-2acb-5bac-b3ee-26753925cfa8" symdef="96d9fd5f-ca47-5427-82fa-4e765737556f" />
								</Geometries>
							</Truss>
						</ChildList>
					</GroupObject>
					<GroupObject uuid="6ffe85d2-e97f-4e62-a994-c50bd85cbb61">
						<ChildList>
							<Fixture uuid="d905547b-4adc-8946-b075-d0cca2222fac" name="Robin MMX Spot">
								<Matrix>{-0.96592629,0.258819133,4.16646664e-08}{-0.25000006,-0.93301326,0.258819103}{0.066987358,0.25000003,0.965925872}{-2599.97388,-5779.2627,7812.87549}</Matrix>
								<GDTFSpec>Robe@Robin MMX Spot@r3046.gdtf</GDTFSpec>
								<GDTFMode>1</GDTFMode>
								<FixtureID>35</FixtureID>
								<UnitNumber>7</UnitNumber>
								<Addresses>
									<Address break="0">1537</Address>
